Lake_id	Potential Evapotranspiration	Temperature	GDP	Precipitation	Human Development Index	Population
h08v05_2	990	61	54156	802	941	4.5890002
h08v05_3	1332	128	55768	996	951	33.9720001
h08v05_4	1173	80	48454	214	905	1.688
h08v05_5	964	50	55438	415	949	0.659
h08v05_7	1527	193	48451	116	905	150.1340027
h08v05_8	1553	203	47265	126	923	0
h08v05_9	1845	230	55768	65	951	1.8049999
h08v06_10	1462	242	11474	1131	736	37.2000008
h08v06_11	1648	198	15910	813	773	0
h08v06_5	1538	248	14193	767	780	16.3560009
h08v06_6	1668	252	17616	951	781	8.8909998
h08v06_7	1511	244	11536	878	735	12.2779999
h08v06_8	1505	243	11474	933	734	17.8980007
h08v06_9	1654	244	10177	1223	755	17.1730003
h08v07_10	1851	258	7106	1749	687	30.8449993
h08v07_2	1546	162	10780	909	724	90.7080002
h08v07_3	1512	154	10272	1035	721	137.8399963
h08v07_4	2127	292	9657	610	715	5.4390001
h08v07_5	1491	235	11474	2321	734	257.9590149
h08v07_7	1565	228	7589	3266	701	102.8010025
h08v07_9	1848	270	8156	1269	699	612.5629883
h09v05_1	1354	172	46828	989	831	32.0169983
h09v05_2	1391	176	49515	1036	908	72.3850021
h09v05_3	1464	188	49515	974	908	9.8129997
h09v05_4	1475	185	49515	1259	908	6.6680002
h09v05_6	1495	190	49515	1169	908	25.9330006
h09v05_7	1328	199	48587	1448	795	2.8599999
h09v06_1	1307	200	48587	1444	795	1.99
h09v06_2	1337	199	48587	1484	795	0
h09v06_3	1325	198	48587	1515	795	0.455
h09v07_1	1621	264	97842	1451	771	13.5030003
h09v07_10	1566	264	8319	2709	640	20.3330002
h09v07_11	1356	267	4785	2589	625	15.9209995
h09v07_12	1661	223	5215	2656	625	54.6349983
h09v07_13	1369	161	3967	1496	640	445.4320068
h09v07_14	1312	257	3101	2792	645	11.2969999
h09v07_16	1375	263	3101	3218	645	12.1809998
h09v07_17	1780	239	7061	1812	668	633.0410156
h09v07_18	1758	273	6404	1154	645	67.6869965
h09v07_19	1677	266	3914	1651	645	12.6079998
h09v07_2	1696	265	116149	1649	771	1.101
h09v07_3	1678	263	30693	1820	764	365.8210144
h09v07_4	1677	245	7505	2120	688	15.9329996
h09v07_5	1717	250	7106	2200	687	27.625
h09v07_6	1444	249	3001	1489	640	15.5290003
h09v07_8	1899	243	7106	1268	687	11.5579996
h09v07_9	1379	271	4785	2789	625	1.441
h10v04_10	887	59	45981	537	879	6.6329999
h10v04_8	868	57	49197	779	918	1.512
h10v04_9	887	62	41841	820	884	3.944
h10v05_10	1380	171	43032	1277	797	1.779
h10v05_12	1391	174	49515	1207	908	6.2080002
h10v05_13	1437	175	40758	1396	793	27.6089993
h10v05_14	1471	179	49432	1286	883	5.0240002
h10v05_15	1450	186	44947	1325	888	8.9910002
h10v05_16	1429	197	48587	1583	795	67.1760025
h10v05_4	1355	162	46422	1145	809	3.444
h10v05_5	1325	163	46422	1085	809	32.8549995
h10v05_6	1322	154	43949	1423	803	89.5019989
h10v05_7	1348	153	43032	1407	797	2.1059999
h10v05_8	1317	159	40758	1398	793	9.6059999
h10v06_1	1408	200	48587	1601	795	2.904
h10v06_10	1580	224	50123	1223	892	2.0090001
h10v06_11	1622	223	50123	1216	892	138.2980042
h10v06_12	1544	228	50123	1260	892	20.8349991
h10v06_14	1627	250	20565	1447	775	114.0289993
h10v06_15	1460	259	20565	1090	775	17.3169994
h10v06_2	1399	199	48587	1585	795	29.5030003
h10v06_4	1399	199	48587	1585	795	29.5030003
h10v06_5	1459	209	50123	1310	892	31.6159992
h10v06_6	1501	210	50123	1306	892	9.6730003
h10v06_7	1517	217	50123	1237	892	219.8470001
h10v06_8	1517	217	50123	1237	892	219.8470001
h10v07_1	1793	281	10901	1038	727	112.1009979
h10v08_2	1386	266	34830	2651	788	47.9150009
h10v08_3	1797	283	11022	2024	727	16.8449993
h10v10_1	1014	49	8392	973	740	11.9510002
h10v10_2	1288	85	6222	678	740	3.346
h11v05_3	1240	161	45921	1283	918	6.6560001
h11v05_4	1207	165	45921	1334	918	5.0809999
h11v05_5	1388	167	42583	1199	865	250.227005
h11v05_6	1393	165	45562	1197	921	23.7110004
h11v05_7	1414	175	42583	1194	865	22.9710007
h11v05_8	1395	176	42583	1249	865	10.4949999
h11v07_1	1628	264	1658	594	493	326.0469971
h11v07_2	1777	246	8383	1152	498	99.7279968
h11v07_4	1556	260	7546	1444	732	61.5089989
h11v07_5	1753	248	1663	1003	778	0
h11v08_1	1809	272	1102	1189	743	6.8390002
h11v08_5	1671	258	25346	1265	761	2.2520001
h11v09_10	1621	274	10472	2563	701	0.215
h11v09_12	1630	270	10472	2406	701	0.453
h11v09_13	1630	265	10472	2520	701	0.211
h11v09_15	1649	269	10472	2486	701	2.0739999
h11v09_17	1614	273	10472	2187	701	16.1819992
h11v09_18	1627	265	10472	2261	701	0.93
h11v09_26	1618	264	10472	2255	701	2.059
h11v09_27	1613	263	10472	2312	701	1.149
h11v09_28	1620	266	10472	2499	701	2.553
h11v09_29	1627	269	10472	2413	701	0.078
h11v09_30	1630	264	10472	2491	701	0.488
h11v10_11	1069	88	5597	990	729	4.757
h11v10_12	1732	255	5311	2329	674	0.948
h11v10_13	1051	34	5612	721	740	4.8509998
h11v10_2	1858	266	5306	1466	674	0.153
h11v10_20	1326	91	8459	307	674	2.154
h11v10_3	1836	264	5306	1485	674	0.223
h11v10_4	1846	264	5306	1478	674	0.191
h11v10_5	1830	263	5306	1496	674	0.15
h11v10_7	1836	263	5306	1492	674	0.169
h11v10_8	1775	261	5306	1622	674	0.761
h11v10_9	1235	61	8078	808	740	20.0669994
h12v08_1	1601	268	15970	2325	725	0.356
h12v09_1	1627	270	8603	2376	734	0.944
h12v09_10	1750	267	8603	2349	672	3.289
h12v09_11	1675	273	8603	2385	672	2.365
h12v09_22	1627	276	9328	2335	696	15.3859997
h12v09_23	1617	266	8603	1899	672	8.3219995
h12v09_27	1631	271	10472	2229	701	19.4619999
h12v09_29	1614	274	10472	2198	701	14.3280001
h12v09_6	1609	264	8603	1873	672	7.1399999
h12v09_7	1648	273	10472	2524	701	0
h12v09_8	1724	268	8603	2191	672	0.1
h12v10_1	1743	244	10472	1522	754	0.828
h12v10_10	1760	255	8395	1175	708	6.3119998
h12v10_3	1861	244	8588	1372	711	0.834
h12v10_4	1782	260	10472	1324	754	1.956
h12v10_6	1806	261	9403	1229	729	0.228
h12v10_8	1776	255	7624	1191	689	1.817
h12v11_10	1539	211	10348	1426	812	2.4690001
h12v11_4	1541	220	9487	1642	745	3.826
h12v11_6	1599	201	9355	754	802	12.4659996
h12v11_9	1556	217	10348	1535	812	3.793
h12v12_11	1548	177	22422	445	812	0
h12v12_12	1396	163	22328	878	830	17.2870007
h12v12_13	1399	162	22328	820	830	13.8179998
h12v12_15	1328	120	21547	240	836	0.325
h12v12_16	1385	157	19592	731	822	7.6729999
h12v12_17	1367	152	19592	701	822	2.0220001
h12v12_18	1479	152	25192	335	847	0.052
h12v12_2	1557	189	21576	825	845	0.57
h12v12_20	1418	144	21182	215	839	13.2969999
h12v12_22	1339	139	45989	142	839	24.9419994
h12v12_23	1323	135	45989	143	839	43.5629997
h12v12_24	1380	141	19339	172	835	19.5440006
h12v12_25	1054	77	41857	1099	833	1.8279999
h12v12_26	1051	93	8711	2080	788	10.0279999
h12v12_27	1034	84	8711	1647	788	21.2639999
h12v12_28	1026	90	8885	1969	788	22.2679996
h12v12_29	1251	128	44616	132	838	0.929
h12v12_31	1038	107	11498	2257	788	9.9700003
h12v12_32	1045	89	45989	964	839	0.161
h12v12_33	1009	102	11498	2133	792	9.5600004
h12v12_5	1444	188	22328	955	830	65.7399979
h12v12_9	1403	180	14331	970	823	6.1859999
h12v13_1	993	98	11498	1874	792	6.8870001
h12v13_10	846	89	11498	2279	792	126.8809967
h12v13_11	823	60	34606	1340	826	4.572
h12v13_12	805	58	34082	1363	826	4.5570002
h12v13_13	786	76	11498	2110	792	0.836
h12v13_14	806	76	11498	1948	792	0.705
h12v13_15	755	50	18844	1001	807	0.531
h12v13_16	722	47	36067	733	831	0.475
h12v13_17	722	47	36067	733	831	0.475
h12v13_18	626	54	16689	2117	815	0.915
h12v13_3	1130	104	34110	290	836	0.682
h12v13_4	913	66	45989	954	839	3.1589999
h12v13_5	908	80	11498	1952	792	10.5559998
h12v13_6	899	65	45989	950	839	3.1589999
h12v13_7	973	112	11498	2185	792	4.309
h12v13_8	877	112	11498	1623	792	6.9640002
h12v13_9	915	88	11498	2558	792	9.882
h13v09_1	1781	271	8603	2329	672	2.4489999
h13v09_2	1903	265	908	562	686	0.011
h13v10_1	1659	251	20628	1707	764	0.789
h13v10_4	1758	238	17653	1220	763	11.0229998
h13v11_10	1636	221	4530	1312	783	4.3520002
h13v11_14	1585	206	3784	1682	759	28.5669994
h13v11_15	1535	216	9178	1531	693	13.4329996
h13v11_18	1360	190	19460	1593	776	40.4210014
h13v11_19	1078	185	19460	1490	776	44.6100006
h13v11_20	1109	172	19460	1727	776	12.2309999
h13v11_21	1152	188	19460	1506	776	26.75
h13v11_5	1672	227	24921	1157	814	12.6059999
h13v11_8	1664	230	11577	1184	769	0.711
h13v12_1	1126	184	19460	1300	776	33.0900002
h13v12_10	1173	166	16118	1150	795	0.722
h13v12_11	1176	164	16118	1136	795	13.8859997
h13v12_12	1135	163	16280	1089	795	0.736
h13v12_13	1355	153	19592	760	822	2.029
h13v12_2	1450	190	14212	1296	812	24.1760006
h13v12_3	1235	182	19460	1367	776	30.9069996
h13v12_4	1249	176	19460	1227	776	0.569
h13v12_5	1384	178	15985	1138	795	0.215
h13v12_8	1142	172	19460	1191	776	1.364
h13v13_1	1306	149	19339	259	835	1.245
h13v13_10	717	49	60824	215	856	0.147
h13v13_11	726	79	46229	623	843	0.224
h13v13_13	788	74	60824	186	856	0.12
h13v13_15	859	90	60824	192	856	0.436
h13v13_4	831	91	60310	227	856	0.147
h13v13_8	711	53	59780	280	854	0.302
h13v13_9	736	72	44172	379	837	0.17
h13v14_2	663	59	60824	759	856	0.362
h13v14_5	680	62	21439	585	866	0.145
h13v14_7	658	59	21439	633	866	0.4
h13v14_8	531	44	21439	592	866	0.071
h14v11_1	1437	232	20986	1088	791	19.9669991
h14v14_1	545	42	51604	497	863	3.5610001
h16v07_1	2032	272	2288	244	494	36.1170006
h16v07_2	2163	296	3710	294	513	30.8360004
h16v07_3	1966	275	2285	1025	442	6.7150002
h17v03_1	591	87	30507	957	885	163.8860016
h17v03_3	594	92	40108	1189	910	14.1739998
h17v03_4	586	92	40108	1217	910	6.2800002
h17v04_1	897	127	32738	967	925	14.3039999
h17v04_2	930	129	32738	1112	925	81.9209976
h17v07_1	2051	275	2285	362	442	23.4720001
h17v07_2	2053	276	2285	359	442	33.1720009
h17v07_4	2078	271	2285	1142	442	32.2350006
h17v08_2	1820	275	3953	1298	579	14.8660002
h17v08_4	1747	262	3290	1191	474	52.9690018
h17v08_6	1677	259	3290	1541	474	38.6419983
h18v04_10	906	136	40640	661	909	45.8860016
h18v04_11	936	128	34472	666	922	304.0350037
h18v04_12	977	131	33375	771	900	95.8150024
h18v04_13	973	139	40179	687	905	92.3499985
h18v04_14	1014	152	40720	765	905	183.0350037
h18v04_5	779	81	47391	1046	939	100.1230011
h18v04_6	791	81	47413	1026	938	502.5360107
h18v04_7	756	86	37887	1260	896	193.9129944
h18v04_8	708	77	42573	1217	903	136.651001
h18v04_9	939	121	42326	844	904	262.2749939
h18v07_2	1922	257	3305	914	527	278.7290039
h18v07_3	1922	274	5102	1044	527	0
h18v07_4	1851	262	5102	1266	527	73.5839996
h18v08_2	1885	271	5102	1233	527	49.882
h18v08_3	1884	275	5102	1142	527	36.2360001
h18v08_4	1801	274	3953	1362	579	32.6479988
h18v08_5	1509	274	7872	1817	527	134.4199982
h19v04_5	1036	149	15010	1619	807	66.7330017
h19v04_6	1095	143	19394	472	860	37.5820007
h19v04_7	987	109	9952	861	764	34.7140007
h19v04_8	923	86	14479	807	808	20.7870007
h19v04_9	1088	149	19394	470	860	23.382
h19v07_1	2126	281	2044	345	396	14.9510002
h19v07_2	2234	293	2044	458	396	9.302
h19v07_3	2077	283	2939	727	518	52.6279984
h19v07_4	1982	264	3305	847	527	100.6529999
h19v08_2	1948	274	2939	1016	518	16.5370007
h19v08_3	1698	234	2939	1642	518	7.1199999
h19v08_4	1552	215	2939	2037	518	226.4600067
h19v09_19	1585	257	737	1717	435	6.4460001
h19v09_3	1580	252	737	1842	435	12.1370001
h19v09_6	1566	260	18832	2030	697	5.9400001
h20v04_15	1041	135	28898	639	767	51.6759987
h20v04_16	1016	139	17792	688	767	146.473999
h20v04_18	1083	138	28898	673	767	188.7749939
h20v05_13	1246	170	24872	750	767	77.7949982
h20v05_14	1297	162	29347	990	767	19.2929993
h20v05_15	1453	204	19047	448	897	80.1679993
h20v05_16	1364	203	10834	131	691	631.1149902
h20v05_17	1585	218	10765	25	691	293.9700012
h20v06_5	2034	255	10250	0	691	0
h20v06_6	2008	262	8564	0	691	0
h20v09_1	1790	235	737	966	446	0
h20v09_10	1846	250	737	1001	435	22.0470009
h20v09_11	1845	246	737	979	435	28.2679996
h20v09_2	1525	191	820	1344	462	236.7969971
h20v09_4	1672	240	766	923	438	4.369
h20v09_5	1852	252	737	994	435	46.5209999
h20v09_6	1837	250	737	970	435	24.0970001
h20v09_7	1731	233	3514	1084	572	13.8129997
h20v09_8	1747	240	3658	1091	579	4.4060001
h20v09_9	1827	246	737	930	435	26.5860004
h20v10_1	1643	199	737	1157	435	11.1700001
h20v10_10	1781	212	3658	829	579	24.6380005
h20v10_12	1809	227	3658	791	579	19.9260006
h20v10_3	1757	210	737	1147	435	9.0159998
h20v10_5	1630	211	3658	1501	579	19.7800007
h20v10_8	1784	210	3658	823	579	2.1329999
h20v11_2	1788	213	14876	352	698	0.273
h20v11_4	1574	220	9649	579	635	11.4530001
h20v12_2	1523	164	11533	417	622	0.209
h21v04_3	1003	94	98044	162	794	3.7969999
h21v05_12	1357	177	8373	568	767	25.7509995
h21v05_13	1538	189	14018	751	649	177.9669952
h21v05_14	1533	180	3749	214	536	49.6800003
h21v05_15	1469	188	14018	765	649	43.6689987
h21v05_18	1756	221	14018	133	649	18.0179996
h21v05_22	1810	230	14018	85	649	16.2420006
h21v05_24	1593	220	5044	217	775	355.92099
h21v05_9	1114	130	14586	489	767	37.6870003
h21v07_5	2012	305	1530	204	448	11.6809998
h21v07_6	1986	297	1530	197	448	5.0479999
h21v07_7	1756	208	1530	1183	448	15.6230001
h21v07_9	1981	249	1530	605	448	32.375
h21v08_1	1581	159	1530	1530	448	206.7680054
h21v08_10	2003	295	1697	204	555	0
h21v08_11	1786	251	1664	972	490	42.8009987
h21v08_12	1806	236	1718	1279	493	63.6040001
h21v08_13	1818	238	1718	1192	493	162.1470032
h21v08_16	1627	217	1718	1113	493	118.3509979
h21v08_2	1792	206	1530	826	448	133.7089996
h21v08_3	1695	195	1530	807	448	60.7270012
h21v08_4	1583	173	1530	875	448	205.5480042
h21v08_5	1685	193	1530	794	448	175.4810028
h21v08_6	1730	200	1530	749	448	110.2409973
h21v08_7	1702	187	1530	1136	448	496.5820007
h21v08_8	1876	234	1530	770	448	71.0039978
h21v08_9	1592	201	1530	1083	448	179.923996
h21v09_10	1514	194	3026	878	531	62.5029984
h21v09_13	1695	225	1569	976	531	41.0419998
h21v09_17	1748	237	1647	511	531	10.302
h21v09_18	1796	243	2283	961	531	0
h21v09_2	1636	220	1718	1479	493	40.4109993
h21v09_4	1571	155	1697	741	555	69.9759979
h21v09_5	1611	209	1655	931	498	28.802
h21v09_7	1828	237	3026	488	531	5.0409999
h21v09_8	1599	206	764	927	404	319.5130005
h21v09_9	1624	216	3026	694	531	11.1520004
h21v10_1	1588	238	1113	931	476	103.3310013
h21v10_3	1585	224	1113	1246	476	269.4150085
h21v10_4	1948	245	746	672	418	4.8990002
h21v11_1	1531	234	1249	912	418	92.4430008
h22v04_22	1288	147	9252	147	701	38.9109993
h22v05_2	1302	149	9252	181	701	7.0739999
h22v05_4	1367	153	9252	154	701	22.4570007
h22v05_6	1843	241	14018	176	649	35.9490013
h22v05_7	1825	246	34544	172	762	77.5400009
h22v07_2	1755	299	3134	137	473	14.6079998
h22v07_4	1902	298	1530	154	473	0
h22v10_1	1703	268	1373	1398	512	4.5840001
h22v10_2	1611	209	1373	1170	512	111.1849976
h23v04_19	884	55	4218	258	664	0
h23v04_20	621	-26	2583	387	664	5.7280002
h23v04_22	1315	154	8615	338	787	67.5370026
h23v04_23	1303	152	4301	285	701	38.4949989
h23v04_25	1230	138	2144	278	641	112.7580032
h23v05_2	1361	155	5641	177	701	71.0500031
h23v05_4	1399	165	15527	221	692	9.4829998
h23v06_1	1715	256	3927	185	501	27.8700008
h24v05_22	533	-49	4510	236	723	3.217
h24v05_25	1545	230	7970	1663	884	221.4149933
h24v06_1	2045	268	5601	145	561	69.3119965
h24v06_2	1814	272	5601	193	561	75.2509995
h24v06_3	1732	257	4593	858	575	100.7490005
h24v06_5	1988	268	8531	297	715	17.2849998
h24v06_8	1826	272	8531	1503	715	222.9720001
h25v06_10	1741	245	3889	1239	509	364.5780029
h25v06_11	1753	268	4649	1572	491	115.2050018
h25v06_12	1713	267	4649	1454	491	76.8659973
h25v06_9	1702	254	3375	1043	515	62.8829994
h25v07_1	1866	264	9177	674	776	267.3450012
h25v07_4	1749	266	6636	659	704	306.803009
h26v06_1	1504	235	4861	2136	556	16.7310009
h26v06_7	1445	261	2235	2599	579	305.322998
h27v05_10	1105	154	8775	847	701	235.3549957
h27v05_11	1190	153	10656	849	723	185.6269989
h27v05_12	1139	158	8640	966	701	323.197998
h27v05_13	1139	158	8640	914	701	409.6570129
h27v05_15	1105	166	11609	1055	739	294.1870117
h27v05_16	1147	173	11609	1315	739	211.8549957
h27v05_17	1152	172	11609	1336	739	195.0970001
h27v05_6	1154	145	17786	755	774	456.368988
h27v05_7	1098	146	21923	737	794	376.1679993
h27v05_8	1087	150	21923	816	794	169.2680054
h27v05_9	1166	151	10225	690	719	771.4320068
h27v06_1	1064	168	11609	1220	739	330.2049866
h27v06_3	1057	173	10166	1309	723	184.8880005
h27v06_5	1066	172	10166	1299	723	317.0209961
h27v06_6	1309	166	6537	937	647	117.5780029
h27v06_7	1182	141	6537	1036	647	205.1820068
h27v06_8	1181	152	6537	1019	647	801.0170288
h27v06_9	1232	161	6537	1004	647	308.1820068
h27v07_1	1493	212	4861	1272	556	50.7060013
h27v07_2	1597	244	5341	2613	586	19.4190006
h27v07_5	1643	261	4590	1659	740	142.1880035
h27v07_6	1706	266	8723	1180	740	140.3630066
h27v07_7	1757	274	10501	1251	740	75.1159973
h27v07_8	1645	257	10445	2483	740	9.4060001
h27v07_9	1655	253	10445	1762	740	7.5799999
h27v08_1	1607	259	13753	2728	740	11.2360001
h27v08_2	1648	275	9208	1954	740	47.2280006
h27v08_3	1443	195	8063	1825	700	38.4519997
h28v05_1	1001	146	30401	1885	894	331.5029907
h28v05_10	1095	161	9413	1188	706	211.7169952
h28v05_11	1032	158	27967	1010	841	991.6030273
h28v05_12	1116	169	8640	1396	701	306.0069885
h28v05_13	1125	172	8640	1413	701	237.5690002
h28v05_2	1065	150	21923	926	794	110.3970032
h28v05_3	1064	152	21923	974	794	261.9989929
h28v05_4	1049	156	21923	1064	794	1261.920044
h28v05_5	1070	157	21923	1109	794	498.7969971
h28v05_6	1096	163	8640	1051	701	36.4560013
h28v05_7	1099	159	20850	1127	778	224.5540009
h28v05_8	1054	158	21908	1094	794	308.5159912
h28v05_9	1008	154	21923	1035	794	601.1920166
h28v06_1	1126	173	9031	1409	706	45.0579987
h28v06_2	1137	176	8821	1554	703	507.6430054
h28v06_3	1085	161	21195	1589	790	125.0820007
h28v06_4	1156	169	8821	1312	703	99.9410019
h28v06_6	1291	211	9246	1928	775	589.5139771
h28v07_1	1626	267	4738	1938	740	46.0589981
h28v07_2	1623	275	3278	1258	563	4.6999998
h28v07_6	1559	261	10007	2313	683	246.5930023
h28v08_1	1534	251	19365	3028	789	0.096
h28v09_2	1633	226	8414	2323	705	338.4049988
h28v09_3	1548	227	7316	2808	678	55.2779999
h28v11_1	1625	231	60166	230	958	0.004
h28v12_1	1491	180	60166	255	958	0.003
h28v13_1	738	58	34704	1098	933	0.087
h28v13_3	812	95	34704	1861	933	0.001
h28v13_4	781	94	34704	2028	933	0.001
h29v05_1	870	89	33270	1515	895	150.2619934
h29v07_2	1521	266	6762	1926	760	717.0410156
h29v07_3	1456	270	6762	2120	571	223.5870056
h29v09_1	1452	264	42253	2425	694	22.1550007
h29v09_2	1444	266	42253	2174	694	14.967
h29v11_1	2071	272	60166	292	958	0
h29v11_2	1971	269	60166	321	958	0.06
h29v12_4	1110	140	40757	645	952	0.361
h29v13_1	828	76	34762	1266	915	14.724
h29v13_2	768	69	34762	2245	915	0.001
h29v13_3	771	70	34762	1886	915	0.721
h29v13_4	746	68	34762	1833	915	0.008
h30v08_1	1475	262	4613	3571	542	148.8910065
h30v08_2	1548	228	4613	2844	499	679.0939941
h30v08_3	1658	250	4613	1745	706	267.9299927
h30v09_1	1366	213	6543	2052	682	26.9130001
h30v09_2	1472	242	6551	2005	697	30.9069996
h30v09_3	1475	242	6548	2072	695	24.0480003
h30v10_1	2045	284	60166	666	958	0.008
h30v12_2	1222	176	43029	1308	954	4.5089998
h30v13_1	851	80	34762	1459	915	0.047
h31v09_1	1315	174	14569	3358	578	33.7299995
h31v11_1	1758	218	41233	717	957	0.173
h31v12_1	962	119	34762	1924	915	56.6160011
h31v12_2	975	121	34762	1338	915	0.552
h32v09_1	1763	270	2751	2700	516	11.8409996
h08v04_3	1095	72	55768	923	951	7.131
h08v04_4	1229	99	48454	259	905	0.071
h09v03_1	454	2	58023	753	948	0
h09v03_2	484	14	58023	677	948	0
h09v03_3	480	13	58023	690	948	0.001
h09v03_4	483	20	58023	603	948	0
h09v03_7	457	19	58023	607	948	0
h09v04_1	709	73	41007	1999	923	6.1849999
h09v04_10	1134	103	42655	373	925	0
h09v04_11	1117	91	42655	476	925	73.5979996
h09v04_2	938	39	41841	625	884	5.0900002
h09v04_3	1088	75	47639	258	928	0.047
h09v04_4	1074	71	41841	269	884	1.956
h09v04_5	793	33	47639	1499	928	0.001
h09v04_6	1089	79	47639	301	928	0
h09v04_7	1045	68	47639	542	928	11.4720001
h09v04_8	948	38	42631	373	924	2.3740001
h10v02_1	497	23	58023	648	948	0.158
h10v02_2	517	-2	58023	510	948	0.003
h10v02_3	474	14	58023	648	948	0
h10v02_4	458	30	58023	2087	948	0
h10v03_1	437	-17	58023	581	948	0
h10v03_10	663	20	41007	473	923	0.965
h10v03_12	538	14	41007	1088	923	0.016
h10v03_13	614	17	41007	524	923	0.05
h10v03_15	574	21	41007	974	923	0
h10v03_17	559	16	41007	973	923	0
h10v03_18	731	34	41007	794	923	0.289
h10v03_19	648	14	41007	557	923	0.016
h10v03_2	488	12	58023	675	948	0.001
h10v03_20	633	9	41007	783	923	0.003
h10v03_22	560	44	41007	1643	923	0.002
h10v03_23	728	25	41007	518	923	0
h10v03_24	710	34	41007	794	923	0.097
h10v03_25	628	43	41007	1166	923	0.026
h10v03_28	710	34	41007	794	923	0.097
h10v03_3	456	2	58023	763	948	0
h10v03_30	662	49	41007	1082	923	0.027
h10v03_34	692	79	41007	1232	923	1.587
h10v03_35	739	46	41007	892	923	0.463
h10v03_36	692	79	41007	1232	923	1.587
h10v03_37	665	66	41007	1327	923	0.511
h10v03_4	602	0	41007	510	923	0.171
h10v03_5	636	13	41007	499	923	0.012
h10v03_6	647	18	41007	499	923	0.027
h10v03_8	683	23	41007	499	923	0.988
h10v04_11	994	65	45981	307	879	0.503
h10v04_12	938	55	45981	369	879	2.266
h10v04_14	1032	81	51840	427	896	0.123
h10v04_16	760	-5	58978	603	891	0.004
h10v04_19	1048	89	51848	537	913	11.4779997
h10v04_2	844	60	41007	336	923	108.5749969
h10v04_20	1122	88	51859	441	939	1.311
h10v04_3	688	48	41007	1033	923	0.041
h10v04_5	743	37	41007	766	923	1.099
h10v04_6	717	69	41007	1492	923	3.8499999
h10v05_1	1216	141	42395	1273	814	35.4300003
h11v02_1	496	-42	58023	469	948	0.002
h11v02_2	500	-49	64789	240	902	0
h11v02_3	480	-48	64789	358	902	0.095
h11v02_4	549	-24	64789	259	902	0.518
h11v02_5	552	-18	64789	363	902	0.023
h11v03_12	669	2	57889	494	930	0.598
h11v03_15	623	-4	44791	442	911	3.8380001
h11v03_17	693	11	57889	505	930	0
h11v03_18	651	-1	57889	472	930	0.004
h11v03_19	638	-5	44791	463	911	2.2409999
h11v03_2	520	-7	41007	519	923	0
h11v03_20	668	6	57889	486	930	0.012
h11v03_21	653	1	44791	443	911	4.118
h11v03_22	647	-3	44791	458	911	0.014
h11v03_25	657	3	44791	455	911	0
h11v03_26	659	1	44791	446	911	0.005
h11v03_27	700	11	57889	460	930	0.757
h11v03_28	663	-1	44791	452	911	0.052
h11v03_3	632	9	41007	532	923	0
h11v03_31	684	10	50654	446	920	0.434
h11v03_32	661	-3	44791	461	911	0
h11v03_33	677	1	44791	447	911	0.129
h11v03_34	661	-5	44791	477	911	0.067
h11v03_35	647	-8	44791	494	911	0.001
h11v03_37	671	-2	44791	462	911	0
h11v03_38	683	2	44791	445	911	0.141
h11v03_39	650	-1	44791	444	911	0
h11v03_4	619	-12	57889	479	930	1.13
h11v03_40	667	-3	44791	460	911	0
h11v03_41	695	5	44791	460	911	0.963
h11v03_42	746	22	57889	505	930	11.5410004
h11v03_45	659	7	39159	468	898	0.003
h11v03_46	711	9	44791	409	911	2.3010001
h11v03_47	746	20	57889	495	930	10.316
h11v03_48	711	12	39159	454	898	0
h11v03_49	744	20	57889	480	930	9.0240002
h11v03_5	620	-8	44791	445	911	0.049
h11v03_50	702	9	44791	403	911	2.178
h11v03_53	705	12	44791	407	911	0.292
h11v03_57	689	4	39159	454	898	2.4330001
h11v03_6	644	-5	57889	452	930	0.066
h11v03_60	744	19	39159	495	898	0.254
h11v03_62	735	15	39159	458	898	2.8010001
h11v03_64	696	17	44559	589	926	0.016
h11v03_65	823	36	44791	370	911	0.247
h11v03_7	600	-8	44791	439	911	0
h11v03_9	616	-4	44791	437	911	0.549
h11v04_12	816	32	56141	591	951	0.805
h11v04_14	871	38	56262	442	929	1.3789999
h11v04_16	810	34	56141	590	951	12.4250002
h11v04_18	922	52	56262	425	929	0.559
h11v04_19	825	35	56141	661	951	0.66
h11v04_2	691	20	44559	680	926	1.5700001
h11v04_20	831	40	56141	680	951	3.165
h11v04_22	862	44	56141	722	951	11.7530003
h11v04_24	959	98	44812	951	944	13.2290001
h11v04_25	846	72	45537	853	944	41.7910004
h11v04_26	943	71	51739	819	947	42.1360016
h11v04_27	923	74	45537	736	944	0
h11v04_29	932	94	45537	801	944	551.2559814
h11v04_30	942	96	44619	870	926	1.553
h11v04_31	1038	101	47436	904	925	68.810997
h11v04_4	716	24	44559	608	926	0.042
h11v04_5	756	24	56141	574	951	0.997
h11v04_7	808	25	39159	445	898	2.23
h11v04_9	799	26	56141	685	951	0.51
h11v05_1	1140	126	55147	991	950	20.5930004
h12v02_13	581	-36	64789	317	924	0.069
h12v02_15	582	-35	64789	342	924	0
h12v02_17	538	-32	64789	359	924	0.001
h12v02_5	490	-62	64789	321	924	0
h12v02_8	484	-42	64789	314	924	0
h12v03_1	581	-34	57889	392	930	0
h12v03_11	553	-35	39159	508	898	0
h12v03_13	597	-11	44791	437	911	0
h12v03_14	571	-34	39159	476	898	0
h12v03_15	540	-45	39159	473	898	1.402
h12v03_16	588	-31	39159	479	898	0
h12v03_17	590	-30	39159	484	898	0
h12v03_18	563	-38	39159	488	898	0
h12v03_2	563	-26	44791	357	911	0.001
h12v03_20	640	-9	44791	498	911	0.005
h12v03_21	611	-11	39159	492	898	0.02
h12v03_22	607	-19	39159	476	898	0
h12v03_23	640	-9	44791	492	911	0.002
h12v03_25	566	-26	39159	532	898	1.2079999
h12v03_26	654	-5	44791	483	911	0.009
h12v03_3	626	-14	57889	381	930	0
h12v03_33	647	-5	44791	473	911	0
h12v03_35	647	-5	44791	473	911	0
h12v03_36	640	0	40236	457	900	0.123
h12v03_37	625	-6	39159	473	898	0
h12v03_38	551	-27	44559	577	926	0
h12v03_4	541	-38	44791	448	911	0
h12v03_40	656	-1	39159	458	898	2.063
h12v03_42	611	-7	39159	478	898	0.031
h12v03_43	588	-17	39180	557	898	0.393
h12v03_44	644	-1	39159	447	898	0
h12v03_45	567	-23	44559	591	926	0
h12v03_47	529	-29	44559	602	926	0.997
h12v03_48	656	3	39159	465	898	0
h12v03_49	607	-14	44559	601	926	0.637
h12v03_5	616	-15	57889	392	930	0
h12v03_50	566	-21	44559	645	926	0
h12v03_51	560	-20	44559	634	926	0
h12v03_52	583	-20	44559	661	926	0
h12v03_53	599	-16	44559	659	926	0
h12v03_54	600	-18	44559	671	926	0
h12v03_55	611	-11	44559	709	926	0
h12v03_56	668	0	44559	644	926	0
h12v03_57	662	-6	44559	738	926	0
h12v03_60	682	11	44559	689	926	0.002
h12v03_8	562	-25	44791	451	911	0
h12v04_1	715	1	44559	738	926	0
h12v04_10	745	9	44559	816	926	0.216
h12v04_11	699	12	37544	910	916	15.0480003
h12v04_12	738	19	37544	937	916	0.994
h12v04_13	740	26	44495	828	926	21.0979996
h12v04_14	715	20	37544	969	916	0
h12v04_15	742	32	44559	875	926	0.107
h12v04_16	772	33	37544	939	916	1.3660001
h12v04_17	758	29	44559	847	926	0.016
h12v04_18	757	41	44559	924	926	3.6459999
h12v04_19	822	54	37544	988	916	3.6730001
h12v04_2	670	-4	37544	868	916	0
h12v04_20	758	44	44559	846	926	5.9699998
h12v04_24	803	55	44559	1037	926	28.3939991
h12v04_25	893	65	45537	814	944	32.6380005
h12v04_27	849	61	39318	987	920	20.0359993
h12v04_3	693	2	44559	770	926	0.001
h12v04_30	848	61	44559	937	926	54.5629997
h12v04_32	896	68	63639	839	952	9.8149996
h12v04_34	881	83	63747	793	952	12.5880003
h12v04_36	852	71	63747	934	952	18.5529995
h12v04_37	914	67	48224	1174	925	20.2029991
h12v04_38	941	63	57322	1131	951	52.6520004
h12v04_39	931	79	63747	1090	952	44.8639984
h12v04_4	669	-4	37544	878	916	0
h12v04_40	902	66	63747	1129	952	43.1739998
h12v04_42	948	79	63747	835	952	43.4780006
h12v04_43	928	84	63747	881	952	30.1410007
h12v04_6	693	17	44559	697	926	19.6790009
h12v04_7	808	48	45537	845	944	3.0109999
h12v04_9	704	11	38852	846	918	2.661
h13v02_2	385	-71	64789	233	924	0
h13v03_1	576	-22	37544	963	916	0
h13v03_2	613	-12	37544	829	916	0.003
h13v03_3	584	-12	37544	893	916	0
h13v03_4	629	-10	37544	962	916	0
h13v04_12	661	6	37544	996	916	0.005
h13v04_15	787	36	48224	1032	925	0.114
h13v04_16	679	61	34482	1357	899	6.388
h13v04_3	657	-2	37544	889	916	0.004
h13v04_4	623	-5	37544	969	916	0.782
h13v04_5	643	-2	37544	1029	916	0
h13v04_6	661	2	37544	912	916	0.004
h13v04_8	694	23	37544	881	916	13.5100002
h13v04_9	664	6	37544	998	916	5.9429998
h14v03_1	523	3	37544	1076	916	0
h14v04_1	650	32	39425	1042	907	0.21
h14v04_2	622	31	39425	1152	907	0.006
h14v04_3	663	43	39425	1124	907	6.9640002
h14v04_4	671	33	39425	1096	907	0
h14v04_5	662	40	39425	1465	907	0
h16v02_1	261	-52	35417	1318	805	0
h17v02_1	330	37	42449	1069	921	0.504
h18v02_1	385	-5	33466	417	880	0.188
h18v02_10	475	19	45238	584	900	0.729
h18v02_11	447	19	45238	831	900	0.497
h18v02_12	483	30	45238	547	900	45.8849983
h18v02_13	490	28	45238	553	900	9.2180004
h18v02_14	437	-7	47062	595	925	1.346
h18v02_15	543	33	40075	657	893	3.1530001
h18v02_16	540	31	40689	670	893	5.855
h18v02_17	566	39	40689	672	893	4.5780001
h18v02_18	540	32	48121	670	926	29.0909996
h18v02_19	588	44	40689	632	893	45.5859985
h18v02_20	540	33	47836	738	925	22.4839993
h18v02_21	567	50	39984	603	898	16.0270004
h18v02_22	550	47	56817	743	937	39.0940018
h18v02_3	431	-4	52614	619	906	0.193
h18v02_5	385	17	55687	1382	938	0.677
h18v02_6	457	-7	52614	564	906	0.62
h18v02_7	452	2	41181	579	906	1.137
h18v02_8	417	24	46933	1285	949	0.393
h18v02_9	451	41	46933	1194	949	11.6099997
h18v03_1	557	53	37370	712	893	53.9420013
h18v03_10	532	58	44059	794	914	5.5669999
h18v03_11	605	56	42077	636	909	4.8860002
h18v03_12	617	60	41318	604	909	13.5909996
h18v03_13	607	65	38656	573	906	139.7689972
h18v03_14	608	64	38600	564	906	45.7840004
h18v03_15	607	59	38600	600	906	9.0970001
h18v03_16	590	65	41511	785	901	7.6069999
h18v03_17	609	65	42410	639	901	25.2199993
h18v03_18	649	81	35444	572	915	91.4960022
h18v03_4	579	64	45642	549	918	55.1380005
h18v03_5	573	64	54952	541	930	120.8919983
h18v03_6	602	61	38819	598	906	41.6850014
h18v03_7	582	59	37548	649	893	4.9000001
h18v03_8	609	61	39612	616	906	29.5680008
h18v03_9	613	61	40278	632	906	178.0449982
h18v04_1	763	80	50098	968	955	568.2540283
h18v04_2	784	73	50098	1046	955	149.7899933
h18v04_3	783	90	46421	1015	940	335.7349854
h18v04_4	611	54	46183	1462	939	145.2189941
h18v05_1	1179	180	10726	562	725	101.6470032
h18v05_2	1618	222	13823	87	745	0
h19v02_11	404	-6	22764	552	799	1.03
h19v02_12	392	-1	22764	459	799	0.319
h19v02_13	426	-5	20878	534	796	3.0999999
h19v02_14	432	-5	15316	545	787	0.701
h19v02_15	438	-2	15316	538	787	0.414
h19v02_16	445	-5	33466	575	880	1.975
h19v02_17	429	-2	15316	546	787	0.767
h19v02_18	438	-2	15316	541	787	0.411
h19v02_19	424	1	15316	511	787	0.746
h19v02_2	378	-4	33466	431	880	0.358
h19v02_22	451	4	15316	533	787	0.316
h19v02_23	459	5	15316	549	787	3.3110001
h19v02_24	449	3	15316	540	787	0.56
h19v02_25	455	6	15316	558	787	0.542
h19v02_26	497	14	29037	541	880	4.6279998
h19v02_27	499	14	29037	547	880	1.8279999
h19v02_28	496	12	29037	578	880	3.448
h19v02_29	485	11	29037	597	880	1.5650001
h19v02_3	362	-3	22764	516	799	1.327
h19v02_30	447	11	15316	496	787	3.3740001
h19v02_31	466	9	15316	606	787	0.639
h19v02_32	457	9	15316	538	787	2.27
h19v02_33	463	13	15316	535	787	3.233
h19v02_34	502	19	33343	561	880	4.2410002
h19v02_35	475	11	15887	615	789	0.818
h19v02_36	496	17	29037	607	880	4.8870001
h19v02_37	460	9	15316	551	787	2.3099999
h19v02_38	501	20	29037	609	880	2.3610001
h19v02_39	467	12	15316	532	787	1.022
h19v02_4	394	-8	22764	558	799	13.9160004
h19v02_40	507	22	29037	583	880	4.9029999
h19v02_41	512	23	34289	584	891	4.5619998
h19v02_42	519	22	34299	582	891	2.79
h19v02_43	538	25	34214	559	890	7.598
h19v02_44	512	25	29037	593	880	3.4590001
h19v02_45	517	23	34299	583	891	4.915
h19v02_46	516	25	33866	601	890	6.2329998
h19v02_47	489	15	29037	627	880	1.789
h19v02_48	506	26	29037	609	880	23.9200001
h19v02_49	510	30	29037	633	880	23.6040001
h19v02_5	412	-17	33466	468	880	0.625
h19v02_50	538	26	15316	624	787	1.03
h19v02_51	513	28	29037	610	880	11.3210001
h19v02_52	517	28	31395	611	885	4.717
h19v02_53	517	28	31395	611	885	4.717
h19v02_54	510	27	29037	630	880	4.7919998
h19v02_55	510	30	29037	633	880	23.6040001
h19v02_56	487	17	15316	561	787	7.0450001
h19v02_57	514	23	29037	622	880	20.8910007
h19v02_58	521	30	32444	633	887	8.1870003
h19v02_59	521	26	29037	627	880	5.4460001
h19v02_6	370	-35	23164	445	780	0.106
h19v02_60	516	15	15827	651	787	1.466
h19v02_61	525	34	29037	636	880	10.9650002
h19v02_63	548	36	37061	638	889	3.0769999
h19v02_64	524	34	29037	639	880	6.3800001
h19v02_65	510	21	15316	615	787	1.441
h19v02_66	526	30	29041	640	880	5.5089998
h19v02_67	535	36	29037	639	880	3.7149999
h19v02_68	522	28	30285	636	855	8.1339998
h19v02_69	558	31	34299	595	891	25.9729996
h19v02_7	362	-16	22764	527	799	1.052
h19v02_70	532	35	31242	658	881	9.5270004
h19v02_71	514	23	15316	625	787	1.722
h19v02_72	562	34	34299	588	891	229.9660034
h19v02_73	545	34	19666	632	783	0.04
h19v02_74	538	36	33594	646	882	4.829
h19v02_75	535	37	29075	645	880	2.72
h19v02_76	561	34	34299	607	891	21.7919998
h19v02_77	539	39	42990	640	886	7.0279999
h19v02_78	563	20	23164	609	803	0.364
h19v02_79	572	39	44201	610	886	24.073
h19v02_8	361	-13	22764	505	799	0.212
h19v02_80	544	39	44352	647	886	56.9080009
h19v02_81	542	40	44352	654	886	26.7770004
h19v02_82	563	44	39531	653	888	12.2609997
h19v02_83	574	29	16176	657	786	0.983
h19v02_84	577	22	18388	594	789	1.211
h19v02_85	583	25	16176	583	786	1.623
h19v03_10	619	54	18072	652	830	13.3360004
h19v03_11	621	50	18407	647	830	45.8520012
h19v03_12	655	58	16621	645	796	15.1549997
h19v03_13	621	78	23052	653	858	4.7340002
h19v03_14	693	68	18534	626	834	28.4589996
h19v03_15	763	78	8409	616	743	2.842
h19v03_2	596	24	16176	575	786	0.899
h19v03_3	593	25	16176	571	786	3.033
h19v03_4	574	47	24980	649	779	19.8059998
h19v03_6	581	49	9665	612	821	0
h19v03_7	619	43	15487	585	776	12.1809998
h19v03_8	565	52	18316	620	865	11.6330004
h19v03_9	599	49	9665	625	751	5.2459998
h19v04_1	881	98	30140	621	882	106.2269974
h19v04_2	899	105	16743	582	824	75.8440018
h19v04_3	938	110	7961	462	739	48.9599991
h19v04_4	797	90	10632	1118	763	33.0159988
h20v03_14	703	45	10430	507	779	9.1490002
h20v03_16	766	53	11310	511	792	7.8390002
h20v03_2	587	16	18469	645	795	6.6490002
h20v03_3	617	35	14205	584	796	0
h20v03_4	619	42	7953	595	748	1.2970001
h20v03_7	645	26	15545	572	795	18.7940006
h20v03_9	677	33	20474	550	830	15.7390003
h20v04_10	852	115	14884	585	799	25.4860001
h20v04_11	938	109	7522	458	741	60.6419983
h20v04_12	820	115	14884	504	799	64.2020035
h20v04_13	826	117	14884	559	799	54.230999
h20v04_2	781	80	6359	568	743	69.8379974
h20v04_4	816	84	6111	556	743	10.6680002
h20v04_5	831	85	9765	512	743	32.3359985
h20v04_6	857	90	12461	402	788	4.8959999
h20v04_7	865	98	10160	461	743	32.9099998
h20v04_8	928	99	8727	393	773	4.5279999
h20v05_1	1073	108	18549	421	767	24.2560005
h20v05_10	1167	121	12670	501	767	29.7220001
h20v05_11	1177	122	13708	482	767	23.5510006
h20v05_12	1126	107	17327	555	767	14.2639999
h20v05_3	1139	112	14791	461	767	2.3859999
h20v05_7	1098	111	15322	545	767	37.5719986
h20v05_8	1120	120	13393	567	767	9.8199997
h20v05_9	1074	109	13988	570	767	4.507
h21v02_1	516	-31	189535	530	852	2.1389999
h21v03_1	570	2	189535	503	852	1.598
h21v03_2	596	0	129796	454	841	1.131
h21v03_4	638	6	14484	416	807	2.0599999
h21v03_5	668	25	14338	476	799	10.6389999
h21v03_6	885	59	31412	292	794	1.778
h21v04_11	791	27	7859	610	767	9.5209999
h21v04_12	1100	149	16695	396	759	35.9179993
h21v04_13	820	48	8241	558	744	7.0469999
h21v04_2	920	75	31412	250	794	0.56
h21v04_9	1062	109	25135	123	794	0.408
h21v05_10	1081	116	15121	643	767	40.7960014
h21v05_11	1173	120	11854	338	774	15.1120005
h21v05_2	1206	128	12591	274	767	152.4909973
h21v05_4	950	88	5835	699	767	28.8209991
h21v05_6	1096	127	14856	538	767	114.5810013
h21v05_7	941	62	7625	447	767	131.2689972
h21v05_8	1123	130	15121	547	767	170.3220062
h22v03_1	633	5	14484	422	807	2.7880001
h22v03_11	705	22	14343	338	794	0
h22v03_13	702	20	14343	351	794	1.225
h22v03_14	708	20	15841	328	796	2.388
h22v03_15	712	21	14343	335	794	1.0190001
h22v03_17	718	16	16440	293	794	2.691
h22v03_18	747	21	112177	312	774	5.086
h22v03_2	657	3	13952	395	798	1.348
h22v03_20	740	20	111053	291	774	57.8549995
h22v03_21	757	23	112177	307	774	9.0489998
h22v03_22	755	21	112177	390	774	6.0489998
h22v03_23	764	27	16153	265	794	0
h22v03_24	761	22	112177	379	774	5.1300001
h22v03_26	835	30	18410	256	794	0.412
h22v03_3	663	5	13952	352	798	4.756
h22v03_4	666	5	13952	369	798	1.721
h22v03_6	696	13	13952	425	798	17.7649994
h22v03_8	678	8	13952	334	798	3.5039999
h22v03_9	680	8	13952	348	798	3.3069999
h22v04_1	736	18	17623	290	794	1.187
h22v04_12	1059	93	45473	131	713	0
h22v04_18	1222	139	15527	111	700	0
h22v04_19	1189	152	15527	110	692	0
h22v04_6	997	77	52470	144	794	0.798
h22v04_8	1002	82	52470	136	794	1.374
h22v05_3	1291	175	15527	143	692	3.724
h22v06_1	1570	157	11278	215	774	9.9980001
h23v03_11	673	-2	690	530	747	0.964
h23v03_12	755	-25	5995	220	735	0
h23v03_15	606	-41	6507	221	729	0.649
h23v03_6	662	-17	17132	354	790	1.248
h23v03_7	674	-14	17132	357	790	0.415
h23v03_9	687	9	28652	454	821	1.7130001
h23v04_1	803	30	25191	458	794	5.3340001
h23v04_10	875	71	28193	160	794	0.697
h23v04_12	987	62	27381	282	794	1.243
h23v04_14	990	67	10363	161	708	2.5739999
h23v04_16	715	0	10363	448	708	0
h23v04_17	1035	98	28360	331	794	16.2280006
h23v04_18	1103	99	7788	393	794	6.2649999
h23v04_2	714	-5	5849	131	735	0.279
h23v04_21	990	74	3020	438	664	10.6330004
h23v04_24	582	-39	3268	291	672	2.2939999
h23v04_26	1041	82	10363	113	708	1.525
h23v04_5	678	-2	25191	394	794	0.215
h23v04_7	882	46	25191	297	794	0.748
h23v04_8	941	60	10363	130	708	1.778
h23v04_9	949	61	10363	131	708	2.7019999
h23v05_1	589	-30	2616	306	627	0.202
h24v03_1	532	-62	10826	426	765	0.236
h24v03_10	586	-61	7218	312	735	0.125
h24v03_11	697	-10	10826	417	765	3.9100001
h24v03_12	703	-46	7185	249	723	0.688
h24v03_5	695	-3	17132	531	790	8.2869997
h24v03_6	685	-13	10826	453	765	6.4460001
h24v03_7	681	-13	10826	533	765	3.76
h24v03_8	711	-4	10826	487	765	0
h24v03_9	714	-2	10826	506	769	1.451
h24v04_1	747	-25	5995	155	735	0.32
h24v04_11	1125	100	10363	83	708	0.898
h24v04_2	613	-66	6871	250	735	0.846
h24v04_3	688	-22	5995	139	735	1.163
h24v04_4	774	-17	5995	134	735	0.293
h24v04_5	632	-67	5546	234	735	0.585
h24v04_6	832	9	5818	99	735	0.63
h24v04_7	831	3	5750	94	735	0.328
h24v04_8	830	8	5754	86	735	0.374
h24v04_9	856	14	6031	84	735	0.224
h24v05_1	1223	118	10363	50	708	22.5230007
h24v05_10	560	-60	7021	50	604	0.181
h24v05_11	528	-68	7021	69	604	0
h24v05_13	568	-57	7021	78	604	0
h24v05_14	563	-57	7021	97	604	0
h24v05_15	1593	216	4030	822	538	282.6080017
h24v05_16	515	-71	7021	64	604	0
h24v05_17	594	-50	7021	73	604	0
h24v05_18	661	-36	7021	55	604	0.157
h24v05_19	564	-57	7021	86	604	0
h24v05_2	568	-57	7021	86	604	0
h24v05_20	664	-28	6598	92	619	0.754
h24v05_21	730	-19	7021	57	604	0.383
h24v05_23	729	-14	7021	154	604	0.225
h24v05_24	688	-25	7021	136	604	0.491
h24v05_26	683	-3	7021	667	604	0.328
h24v05_3	546	-64	7021	69	604	0
h24v05_4	588	-52	10363	44	708	0.225
h24v05_5	555	-60	7021	73	604	0
h24v05_6	525	-70	7021	53	604	0
h24v05_7	558	-61	7021	54	604	0
h24v05_8	546	-64	7021	62	604	0
h24v05_9	541	-63	10363	51	708	0
h25v03_3	652	-41	16687	559	772	0.037
h25v04_1	769	-3	12852	283	767	0.83
h25v04_2	798	2	9032	248	748	0.165
h25v05_1	808	1	9989	43	678	0
h25v05_10	572	-54	10363	103	708	0
h25v05_100	692	-13	7021	255	604	0.575
h25v05_101	660	-25	7021	205	604	0.416
h25v05_102	538	-48	7021	260	604	0.329
h25v05_11	999	48	9989	32	678	0
h25v05_12	998	51	9989	52	678	0
h25v05_14	867	23	9989	88	678	6.4349999
h25v05_15	1003	53	9989	64	678	3.9000001
h25v05_16	507	-67	9961	135	696	0
h25v05_17	472	-74	9989	163	678	0
h25v05_18	528	-56	9989	200	678	0
h25v05_19	484	-72	9989	161	678	0
h25v05_2	534	-52	9989	258	678	0
h25v05_20	515	-61	9989	198	678	0
h25v05_22	544	-58	7021	141	604	0
h25v05_23	549	-56	7021	156	604	0
h25v05_24	490	-67	9989	220	678	0
h25v05_26	526	-60	9989	178	678	0
h25v05_28	523	-58	9989	225	678	0
h25v05_29	544	-60	7021	121	604	0
h25v05_30	513	-63	9989	202	678	0
h25v05_31	616	-30	9989	348	678	0.116
h25v05_32	529	-59	9989	199	678	0
h25v05_36	550	-54	7021	178	604	0
h25v05_37	528	-64	7021	117	604	0
h25v05_38	521	-60	9989	218	678	0
h25v05_39	560	-54	7021	140	604	0
h25v05_4	678	-27	10363	87	708	0
h25v05_40	519	-60	9989	269	678	0.017
h25v05_42	523	-59	7021	189	604	0
h25v05_44	561	-49	7021	227	604	0
h25v05_45	546	-53	8684	250	651	0.014
h25v05_47	557	-50	7021	240	604	0.008
h25v05_49	568	-47	7021	240	604	0.004
h25v05_50	507	-62	7021	209	604	0.013
h25v05_51	623	-36	7021	171	604	0.103
h25v05_52	650	-27	7021	216	604	0.156
h25v05_54	591	-39	7021	254	604	0.052
h25v05_55	646	-26	7021	276	604	0.05
h25v05_56	594	-39	7021	216	604	0.497
h25v05_58	735	-8	7021	187	604	0.329
h25v05_59	707	-15	7021	188	604	0.661
h25v05_6	816	12	9989	91	678	1.01
h25v05_60	670	-23	7021	221	604	0.901
h25v05_61	692	-17	7021	331	604	0
h25v05_62	720	-5	7021	286	604	0
h25v05_63	659	-26	7021	348	604	1.719
h25v05_64	726	-10	7021	210	604	0.472
h25v05_65	731	-4	7021	257	604	0.291
h25v05_66	740	-4	7021	233	604	0.684
h25v05_67	683	-16	7021	315	604	0
h25v05_68	659	-25	7021	338	604	0.927
h25v05_69	741	-2	7021	257	604	0.153
h25v05_7	948	44	9989	150	678	1.819
h25v05_70	701	-10	7021	294	604	0.895
h25v05_71	692	-13	7021	310	604	0.354
h25v05_72	692	-17	7021	206	604	0.612
h25v05_73	682	-18	7021	219	604	0.465
h25v05_74	700	-14	7021	336	604	1.821
h25v05_75	689	-19	7021	357	604	6.9889998
h25v05_77	693	-13	7021	240	604	1.319
h25v05_78	710	-13	7021	212	604	0.934
h25v05_79	726	-6	7021	326	604	0
h25v05_80	734	-3	7021	273	604	0.461
h25v05_81	702	-15	7021	350	604	4
h25v05_82	607	-33	7021	309	604	0.193
h25v05_83	707	-7	7021	271	604	0.843
h25v05_84	722	-3	7021	294	604	0
h25v05_85	665	-21	7021	213	604	1.219
h25v05_86	703	-15	7021	338	604	1.97
h25v05_87	716	-6	7021	277	604	0.042
h25v05_88	711	-11	7021	226	604	0.814
h25v05_89	759	0	7021	217	604	0.016
h25v05_9	944	44	9989	161	678	0.763
h25v05_90	689	-11	7021	279	604	0.481
h25v05_91	687	-12	7021	279	604	0.618
h25v05_93	566	-41	7021	316	604	0.742
h25v05_94	709	-8	7021	291	604	0.425
h25v05_95	716	-9	7021	301	604	0.068
h25v05_96	673	-18	7021	235	604	0.347
h25v05_97	683	-4	7021	631	604	0.583
h25v05_98	693	-17	7021	205	604	1.033
h25v06_1	584	-40	7021	216	604	0.389
h25v06_3	815	14	7021	261	604	9.7419996
h25v06_4	763	7	7021	305	604	0
h25v06_6	685	-13	7021	248	604	0.538
h26v03_1	552	-18	20169	607	784	1.383
h26v03_2	549	-18	20169	628	784	1.6900001
h26v03_3	581	-7	20169	569	784	0.305
h26v03_4	685	-18	20169	507	784	0.114
h26v03_7	688	-13	20169	527	784	0.19
h26v04_1	688	6	20169	632	784	0.07
h26v04_3	815	34	11265	437	748	103.3119965
h26v04_4	813	39	11265	420	748	29.1720009
h26v04_5	861	49	13140	407	759	33.9690018
h26v04_6	863	51	13140	433	759	5.625
h26v04_7	821	16	12852	344	767	0
h26v04_8	931	50	12852	386	767	49.6300011
h26v05_1	751	7	9989	331	678	3.075
h26v05_2	942	44	9989	340	678	5.2849998
h26v05_3	975	64	12852	457	674	134.4810028
h26v05_4	620	-28	9989	336	678	0.878
h26v05_5	626	-28	9989	345	678	0
h27v03_1	402	-19	24360	862	780	1.149
h27v03_2	367	2	24360	912	780	0.339
h27v04_1	807	44	18313	589	790	2.0599999
h27v05_1	1110	124	17013	579	766	63.9650002
h27v05_4	1153	139	17013	620	766	489.0400085
h28v04_1	640	49	30718	1063	897	11.0360003
h28v04_2	702	62	30718	1210	897	170.4940033
